Abhilashs-MBP:Python Assignment abhilashgalgali$ sudo python Exercise6.py 
Aircraft #  1
Sarting from: ( 21 , 44 )
Headed to: ( 29 , 48.2666666667 )
21 ,  44.0
22 ,  44.5333333333
23 ,  45.0666666667
24 ,  45.6
25 ,  46.1333333333
26 ,  46.6666666667
27 ,  47.2
28 ,  47.7333333333
29 ,  48.2666666667
We have arrived!
Acceleration constant: 1
Aircraft #  2
Sarting from: ( 34 , 19 )
Headed to: ( 50 , -45.0 )
34 ,  19.0
35 ,  15.0
36 ,  11.0
37 ,  7.0
38 ,  3.0
39 ,  -1.0
40 ,  -5.0
41 ,  -9.0
42 ,  -13.0
43 ,  -17.0
44 ,  -21.0
45 ,  -25.0
46 ,  -29.0
47 ,  -33.0
48 ,  -37.0
49 ,  -41.0
50 ,  -45.0
We have arrived!
Acceleration constant: 1
Aircraft #  3
Sarting from: ( 53 , 18 )
Headed to: ( 53 , 18.0 )
53 ,  18.0
We have arrived!
Acceleration constant: 1
Aircraft #  4
Sarting from: ( 8 , 30.0185185185 )
Headed to: ( 9 , 30 )
8 ,  30.0185185185
9 ,  30.0
We have arrived!
Acceleration constant: 1
Aircraft #  5
Sarting from: ( 63 , -16.347826087 )
Headed to: ( 99 , 40 )
63 ,  -16.347826087
64 ,  -14.7826086957
65 ,  -13.2173913043
66 ,  -11.652173913
67 ,  -10.0869565217
68 ,  -8.52173913043
69 ,  -6.95652173913
70 ,  -5.39130434783
71 ,  -3.82608695652
72 ,  -2.26086956522
73 ,  -0.695652173913
74 ,  0.869565217391
75 ,  2.4347826087
76 ,  4.0
77 ,  5.5652173913
78 ,  7.13043478261
79 ,  8.69565217391
80 ,  10.2608695652
81 ,  11.8260869565
82 ,  13.3913043478
83 ,  14.9565217391
84 ,  16.5217391304
85 ,  18.0869565217
86 ,  19.652173913
87 ,  21.2173913043
88 ,  22.7826086957
89 ,  24.347826087
90 ,  25.9130434783
91 ,  27.4782608696
92 ,  29.0434782609
93 ,  30.6086956522
94 ,  32.1739130435
95 ,  33.7391304348
96 ,  35.3043478261
97 ,  36.8695652174
98 ,  38.4347826087
99 ,  40.0
We have arrived!
Acceleration constant: 1